329.6 600
293.7 600
329.6 600
349.2 600
329.6 600
293.7 600
261.6  600
261.6  600

-1 100

293.7 600
329.6 600
349.2 600
349.2 600
349.2 600
349.2 600
349.2 600
329.6 600
293.7 600
293.7 600

-1 100

261.6  600
261.6  600
440.0 600
440.0 600
440.0 600
493.9 600
523.3 600
493.9 600
440.0 600
392.0 600
392.0 600

349.2 600
329.6 600
349.2 600
349.2 600
349.2 600
392.0 600
440.0 600
392.0 600
349.2 600
329.6 600
329.6 600

261.6  600
261.6  600
440.0 600
440.0 600
440.0 600
246.9 600
523.3 600
246.9 600
440.0 600
392.0 600
392.0 600

349.2 600
329.6 600
349.2 600
349.2 600
293.7 600
329.6 600
349.2 600
329.6 600
293.7 600
261.6  600